<v, Krein array>
<1600, [ 234, 165, 12, 1, 30, 198 ]>

P =
[   1   78  234 1287]
[   1   18   14  -33]
[   1   -2   -6    7]
[   1  -22   54  -33]

Q =
[   1  234 1287   78]
[   1   54  -33  -22]
[   1   14  -33   18]
[   1   -6    7   -2]

L = 
[
    [1 0 0 0]
    [0 1 0 0]
    [0 0 1 0]
    [0 0 0 1],

    [ 0 78  0  0]
    [ 1  8 36 33]
    [ 0 12  0 66]
    [ 0  2 12 64],

    [  0   0 234   0]
    [  0  36   0 198]
    [  1   0  68 165]
    [  0  12  30 192],

    [   0    0    0 1287]
    [   0   33  198 1056]
    [   0   66  165 1056]
    [   1   64  192 1030]
]

L* =
[
    [1 0 0 0]
    [0 1 0 0]
    [0 0 1 0]
    [0 0 0 1],

    [  0 234   0   0]
    [  1  68 165   0]
    [  0  30 192  12]
    [  0   0 198  36],

    [   0    0 1287    0]
    [   0  165 1056   66]
    [   1  192 1030   64]
    [   0  198 1056   33],

    [ 0  0  0 78]
    [ 0  0 66 12]
    [ 0 12 64  2]
    [ 1 36 33  8]
]
